12.89 F46 -4.49 54.73 0.0004 448.5 21.2 698.2 1.0075 1.0046 0.9878 0.0003 0.0003 0.0003 12.6 2.2 1.9 1.003 1.017 1.020 1.022 0.706 0.703 0.160 1.014 270 0 108 10 3 80 1.0046 1.0070 0.9885 0.0002 -0.0033 0.0009 07/13/96
12.91 F47 -4.41 56.74 0.0009 170.9 1.9 295.2 1.0083 1.0066 0.9852 0.0006 0.0006 0.0006 37.1 3.4 3.2 1.002 1.022 1.023 1.026 0.854 0.853 0.076 1.020 352 262 156 4 1 86 1.0081 1.0066 0.9853 -0.0002 -0.0007 0.0015 07/12/96
13.99 F55 -4.38 60.59 0.0013 148.1 14.0 209.5 1.0134 1.0065 0.9801 0.0008 0.0008 0.0008 15.4 4.1 3.2 1.007 1.027 1.034 1.036 0.595 0.539 0.229 1.020 356 266 99 2 9 80 1.0133 1.0059 0.9808 -0.0004 -0.0043 0.0010 07/12/96
14.20 F56 -4.39 272.90 0.0023 586.4 67.9 798.7 1.0491 1.0220 0.9289 0.0015 0.0015 0.0015 7.1 2.1 1.6 1.026 1.100 1.129 1.137 0.569 0.549 0.254 1.072 233 323 123 1 3 87 1.0316 1.0393 0.9291 0.0131 -0.0040 -0.0021 07/12/96
15.75 F43 -4.41 45.38 0.0011 29.6 3.3 40.8 1.0052 1.0024 0.9924 0.0007 0.0007 0.0007 29.6 9.2 7.2 1.003 1.010 1.013 1.014 0.560 0.558 0.249 1.007 203 6 109 28 61 7 1.0032 0.9940 1.0028 0.0038 -0.0016 -0.0007 07/12/96
16.23 F32 -4.41 10.64 0.0038 15.3 0.1 27.1 1.0102 1.0088 0.9810 0.0024 0.0024 0.0024 75.2 11.2 10.7 1.001 1.028 1.030 1.034 0.902 0.900 0.051 1.027 351 236 88 14 59 27 1.0101 0.9867 1.0033 -0.0010 -0.0112 0.0000 07/12/96
16.29 F31 -4.41 23.87 0.0020 49.6 2.7 76.0 1.0115 1.0068 0.9817 0.0013 0.0013 0.0013 32.1 6.7 5.7 1.005 1.025 1.030 1.033 0.686 0.682 0.172 1.021 328 86 190 51 21 32 0.9905 1.0068 1.0027 -0.0038 0.0006 0.0130 07/12/96
16.51 F35 -4.41 54.94 0.0007 171.2 95.8 118.8 1.0095 1.0003 0.9902 0.0004 0.0004 0.0004 6.0 5.4 2.9 1.009 1.010 1.019 1.019 0.058 0.054 0.620 1.001 8 273 157 22 12 65 1.0064 1.0002 0.9934 0.0017 -0.0011 0.0068 07/12/96
18.42 F22 -4.41 46.38 0.0013 1709.8 22.0 2929.8 1.0393 1.0305 0.9302 0.0008 0.0008 0.0008 12.4 1.1 1.0 1.008 1.111 1.117 1.131 0.848 0.840 0.083 1.099 182 274 50 8 9 78 1.0372 1.0279 0.9349 -0.0019 -0.0161 -0.0147 07/12/96
18.57 F24 -4.41 33.78 0.0012 774.4 0.9 1415.2 1.0227 1.0211 0.9562 0.0008 0.0008 0.0008 47.2 1.6 1.5 1.002 1.068 1.070 1.080 0.952 0.950 0.025 1.066 96 186 349 1 4 86 1.0208 1.0227 0.9565 -0.0001 0.0002 -0.0046 07/12/96
18.90 F28 -4.41 18.94 0.0012 424.0 25.6 641.4 1.0197 1.0113 0.9690 0.0007 0.0007 0.0007 11.5 2.3 1.9 1.008 1.044 1.052 1.056 0.674 0.667 0.182 1.035 147 57 326 4 0 86 1.0170 1.0137 0.9693 -0.0037 0.0021 -0.0032 07/12/96
18.93 F29 -4.41 19.90 0.0015 209.1 6.2 339.9 1.0165 1.0112 0.9723 0.0009 0.0009 0.0009 22.5 3.2 2.8 1.005 1.040 1.045 1.050 0.767 0.762 0.126 1.035 205 115 5 6 2 84 1.0150 1.0122 0.9728 0.0020 -0.0006 -0.0046 07/12/96
19.04 F30 -4.41 9.34 0.0026 15.3 6.2 13.4 1.0106 1.0015 0.9880 0.0016 0.0016 0.0016 22.6 15.7 9.5 1.009 1.014 1.023 1.023 0.198 0.193 0.506 1.004 183 89 339 22 9 66 1.0074 1.0012 0.9914 0.0011 0.0017 -0.0078 07/12/96
20.70 F15 -4.41 9.79 0.0035 128.4 2.9 212.9 1.0293 1.0210 0.9497 0.0022 0.0022 0.0022 31.2 4.0 3.6 1.008 1.075 1.084 1.093 0.798 0.791 0.110 1.066 32 301 191 8 3 82 1.0255 1.0232 0.9513 0.0034 0.0026 0.0110 07/12/96
20.84 F16 -4.55 6.74 0.0053 36.7 4.4 49.7 1.0281 1.0124 0.9594 0.0034 0.0034 0.0034 26.3 8.3 6.4 1.016 1.055 1.072 1.075 0.554 0.542 0.258 1.039 219 309 111 1 4 86 1.0220 1.0184 0.9597 0.0078 -0.0036 0.0010 07/18/96
20.90 F17 -4.55 7.09 0.0034 66.0 0.6 114.5 1.0199 1.0161 0.9640 0.0022 0.0022 0.0022 52.4 5.5 5.1 1.004 1.054 1.058 1.065 0.865 0.862 0.072 1.050 155 245 12 2 1 88 1.0192 1.0168 0.9641 -0.0015 -0.0003 -0.0018 07/18/96
21.01 F18 -4.41 5.83 0.0042 49.7 9.5 59.9 1.0273 1.0091 0.9636 0.0026 0.0026 0.0026 18.5 7.6 5.4 1.018 1.047 1.066 1.068 0.442 0.430 0.332 1.029 109 18 265 8 3 82 1.0110 1.0242 0.9648 -0.0055 0.0087 -0.0002 07/12/96
21.26 F20 -4.41 6.10 0.0041 50.6 1.9 80.6 1.0229 1.0148 0.9622 0.0026 0.0026 0.0026 36.7 6.6 5.7 1.008 1.055 1.063 1.069 0.740 0.733 0.143 1.046 190 100 2 4 1 86 1.0224 1.0151 0.9625 0.0014 0.0003 0.0044 07/12/96
21.38 F21 -4.55 12.75 0.0027 79.4 1.3 134.1 1.0175 1.0132 0.9693 0.0017 0.0017 0.0017 41.8 5.1 4.6 1.004 1.045 1.050 1.055 0.823 0.819 0.095 1.041 220 130 18 1 1 88 1.0157 1.0150 0.9693 0.0021 -0.0004 -0.0012 07/18/96
22.14 E53 -4.55 7.50 0.0034 102.6 9.5 145.7 1.0288 1.0142 0.9570 0.0021 0.0021 0.0021 18.5 4.9 3.9 1.014 1.060 1.075 1.080 0.605 0.593 0.226 1.043 13 104 225 3 2 37 1.0279 1.0149 0.9572 0.0032 0.0023 0.0029 07/18/96
22.47 E55 -4.55 7.64 0.0034 58.9 5.7 83.0 1.0225 1.0109 0.9666 0.0022 0.0022 0.0022 23.4 6.5 5.1 1.011 1.046 1.058 1.061 0.595 0.586 0.231 1.034 15 106 256 5 9 80 1.0216 1.0103 0.9682 0.0025 0.0079 0.0029 07/18/96
22.89 E57 -4.55 14.62 0.0028 73.5 2.1 119.6 1.0180 1.0123 0.9697 0.0017 0.0017 0.0017 35.2 5.4 4.8 1.006 1.044 1.050 1.055 0.769 0.764 0.126 1.038 351 81 259 0 3 87 1.0179 1.0123 0.9698 -0.0009 -0.0019 0.0004 07/18/96
23.03 E58 -4.55 13.26 0.0023 152.6 5.7 243.2 1.0221 1.0143 0.9637 0.0015 0.0015 0.0015 23.3 3.8 3.3 1.008 1.053 1.061 1.066 0.740 0.734 0.143 1.045 172 82 268 1 8 82 1.0219 1.0134 0.9647 -0.0011 0.0073 0.0001 07/18/96
23.81 E39 -4.55 17.55 0.0025 117.5 0.8 206.4 1.0193 1.0160 0.9648 0.0016 0.0016 0.0016 48.3 4.1 3.9 1.003 1.053 1.056 1.064 0.883 0.880 0.062 1.050 280 10 175 0 2 88 1.0160 1.0192 0.9648 -0.0006 -0.0002 0.0016 07/18/96
24.08 E41 -4.55 18.32 0.0016 264.0 9.1 424.0 1.0206 1.0136 0.9658 0.0010 0.0010 0.0010 18.9 2.9 2.5 1.007 1.050 1.057 1.062 0.751 0.745 0.136 1.042 147 56 278 3 4 85 1.0185 1.0154 0.9661 -0.0032 0.0043 -0.0009 07/18/96
24.69 E44 -4.55 30.49 0.0024 113.6 0.6 201.5 1.0178 1.0152 0.9670 0.0015 0.0015 0.0015 53.1 4.2 3.9 1.003 1.050 1.053 1.059 0.899 0.896 0.053 1.047 232 142 31 4 1 86 1.0160 1.0168 0.9672 0.0012 -0.0018 -0.0029 07/18/96
24.85 E45 -4.55 22.77 0.0017 307.6 12.5 486.4 1.0237 1.0151 0.9612 0.0011 0.0011 0.0011 16.3 2.7 2.3 1.009 1.056 1.065 1.071 0.731 0.724 0.148 1.047 344 74 205 2 1 88 1.0230 1.0157 0.9613 -0.0023 0.0008 0.0022 07/18/96
25.46 E48 -4.55 25.34 0.0024 129.8 8.1 195.4 1.0227 1.0128 0.9645 0.0015 0.0015 0.0015 19.9 4.2 3.5 1.010 1.050 1.060 1.065 0.669 0.661 0.185 1.040 347 257 151 5 2 84 1.0218 1.0132 0.9650 -0.0019 -0.0025 0.0051 07/19/96
25.60 E49 -4.55 36.24 0.0020 147.8 1.9 253.2 1.0177 1.0138 0.9685 0.0013 0.0013 0.0013 36.8 3.7 3.4 1.004 1.047 1.051 1.057 0.844 0.840 0.083 1.043 99 189 326 2 2 88 1.0138 1.0176 0.9686 -0.0006 0.0011 -0.0015 07/19/96
26.12 E52 -4.55 66.71 0.0064 32.6 11.2 31.2 1.0374 1.0068 0.9559 0.0041 0.0041 0.0041 17.1 10.5 6.6 1.030 1.053 1.085 1.086 0.268 0.249 0.462 1.002 227 136 17 13 7 75 1.0170 1.0221 0.9609 0.0135 -0.0088 -0.0168 07/19/96
26.28 F1 -4.55 22.21 0.0028 117.0 6.0 180.6 1.0244 1.0146 0.9610 0.0018 0.0018 0.0018 22.9 4.4 3.7 1.010 1.056 1.066 1.071 0.701 0.692 0.167 1.046 131 221 31 1 5 85 1.0185 1.0201 0.9614 -0.0050 -0.0025 -0.0044 07/19/96
26.44 F2 -4.55 28.11 0.0033 307.6 80.3 332.9 1.0564 1.0145 0.9291 0.0021 0.0021 0.0021 6.6 3.2 2.2 1.041 1.092 1.137 1.140 0.369 0.341 0.394 1.049 22 132 312 0 32 58 1.0271 1.0199 0.9530 0.0327 0.0285 -0.0257 07/19/96
26.75 F32 -4.41 32.26 0.0008 1620.0 648.8 1426.6 1.0326 1.0045 0.9629 0.0005 0.0005 0.0005 2.3 1.6 0.9 1.028 1.043 1.072 1.073 0.211 0.194 0.504 1.015 16 286 157 3 2 86 1.0303 1.0066 0.9632 0.0074 -0.0007 0.0040 07/12/96
27.20 F5 -4.41 26.68 0.0007 1328.8 33.0 2189.7 1.0198 1.0139 0.9663 0.0005 0.0005 0.0005 10.2 1.3 1.1 1.006 1.049 1.055 1.061 0.787 0.781 0.116 1.043 350 260 100 1 3 87 1.0196 1.0140 0.9664 -0.0009 -0.0025 0.0005 07/12/96
27.34 F6 -4.49 30.22 0.0016 993.4 18.0 1671.0 1.0380 1.0282 0.9339 0.0010 0.0010 0.0010 13.7 1.4 1.3 1.010 1.101 1.111 1.124 0.821 0.812 0.099 1.091 5 95 262 1 2 88 1.0379 1.0281 0.9340 0.0009 0.0036 0.0006 07/12/96
78.15 C30 -4.46 700.80 0.0025 561.6 55.8 787.6 1.0505 1.0242 0.9253 0.0016 0.0016 0.0016 7.9 2.1 1.7 1.026 1.107 1.135 1.144 0.600 0.580 0.235 1.079 116 26 228 3 8 82 1.0284 1.0441 0.9275 -0.0115 0.0120 0.0088 07/15/96
78.62 C31 -4.46 297.60 0.0017 1492.7 10.3 2624.3 1.0458 1.0382 0.9160 0.0011 0.0011 0.0011 17.8 1.2 1.1 1.007 1.133 1.142 1.161 0.889 0.882 0.061 1.125 261 168 59 21 7 68 1.0338 1.0317 0.9345 -0.0066 -0.0394 -0.0222 07/15/96
78.96 C32 -4.46 394.80 0.0016 1125.4 97.6 1615.6 1.0463 1.0234 0.9303 0.0010 0.0010 0.0010 6.0 1.5 1.2 1.022 1.100 1.125 1.133 0.624 0.605 0.219 1.076 340 70 237 3 12 78 1.0423 1.0233 0.9343 -0.0092 0.0155 0.0111 07/15/96
79.28 C33 -4.46 527.70 0.0011 1874.5 624.7 1823.0 1.0472 1.0090 0.9438 0.0007 0.0007 0.0007 2.4 1.4 0.9 1.038 1.069 1.110 1.111 0.286 0.262 0.453 1.030 254 359 140 12 25 61 1.0029 1.0365 0.9606 0.0171 -0.0254 0.0189 07/15/96
79.58 C34 -4.46 496.70 0.0025 650.0 25.7 1030.5 1.0501 1.0321 0.9179 0.0016 0.0016 0.0016 11.5 1.8 1.6 1.017 1.124 1.144 1.158 0.743 0.727 0.146 1.105 175 268 52 10 14 73 1.0458 1.0262 0.9280 -0.0061 -0.0248 -0.0225 07/15/96
79.71 C35 -4.46 495.10 0.0008 2816.6 980.0 2680.3 1.0450 1.0081 0.9469 0.0005 0.0005 0.0005 1.9 1.1 0.7 1.037 1.065 1.104 1.105 0.269 0.246 0.464 1.027 70 328 161 4 70 19 0.9637 1.0348 1.0015 0.0285 -0.0037 0.0191 07/15/96
79.71 C35 -4.46 495.20 0.0010 2022.3 679.6 1958.5 1.0452 1.0085 0.9463 0.0006 0.0006 0.0006 2.3 1.3 0.8 1.036 1.066 1.104 1.106 0.282 0.259 0.455 1.028 69 326 161 5 71 19 0.9631 1.0346 1.0023 0.0291 -0.0034 0.0189 07/15/96
80.04 C36 -4.46 907.10 0.0010 2748.0 413.0 3531.8 1.0462 1.0181 0.9357 0.0006 0.0006 0.0006 2.9 1.0 0.7 1.028 1.088 1.118 1.123 0.511 0.490 0.292 1.059 280 15 155 13 18 68 1.0090 1.0417 0.9462 0.0000 -0.0186 0.0275 07/15/96
80.32 C37 -4.46 290.90 0.0008 2547.2 1244.1 1967.4 1.0444 1.0035 0.9521 0.0005 0.0005 0.0005 1.7 1.3 0.7 1.041 1.054 1.097 1.097 0.137 0.114 0.569 1.013 208 298 114 1 15 75 1.0347 1.0098 0.9555 0.0183 -0.0120 0.0046 07/15/96
80.87 C38 -4.46 685.60 0.0003 3840.5 1863.7 2980.4 1.0222 1.0018 0.9760 0.0002 0.0002 0.0002 1.4 1.1 0.6 1.020 1.026 1.047 1.047 0.128 0.117 0.567 1.006 220 130 39 7 0 83 1.0133 1.0101 0.9766 0.0098 -0.0034 -0.0041 07/15/96
81.23 C39 -4.46 616.00 0.0009 2972.0 8.0 5357.4 1.0349 1.0311 0.9339 0.0006 0.0006 0.0006 20.0 0.8 0.8 1.004 1.104 1.108 1.124 0.929 0.926 0.038 1.100 278 187 23 3 13 77 1.0271 1.0341 0.9389 -0.0023 -0.0085 -0.0196 07/15/96
81.81 C40 -4.46 1747.00 0.0016 3684.7 254.3 5474.7 1.0786 1.0431 0.8783 0.0010 0.0010 0.0010 3.7 0.8 0.7 1.034 1.188 1.228 1.247 0.674 0.645 0.196 1.149 156 250 33 12 17 69 1.0559 1.0423 0.9018 -0.0228 -0.0276 -0.0536 07/15/96
81.81 C40 -4.46 1748.00 0.0018 2868.4 197.4 4263.6 1.0785 1.0431 0.8784 0.0011 0.0011 0.0011 4.2 0.9 0.7 1.034 1.187 1.228 1.246 0.674 0.646 0.194 1.148 156 250 33 12 18 68 1.0559 1.0419 0.9021 -0.0227 -0.0279 -0.0535 07/15/96
82.08 C41 -4.46 445.30 0.0008 3163.4 31.0 5488.1 1.0317 1.0255 0.9427 0.0005 0.0005 0.0005 10.5 0.8 0.7 1.006 1.088 1.094 1.106 0.866 0.860 0.072 1.081 122 213 354 7 8 79 1.0245 1.0299 0.9456 -0.0025 0.0021 -0.0152 07/15/96
82.59 C42 -4.46 450.40 0.0010 2754.6 64.3 4559.0 1.0410 1.0292 0.9299 0.0007 0.0007 0.0007 7.3 0.9 0.8 1.011 1.107 1.119 1.320 0.798 0.780 0.112 1.094 49 140 270 7 6 81 1.0341 1.0334 0.9325 0.0057 0.0165 0.0009 07/15/96
82.77 C43 -4.46 409.20 0.0007 2828.1 44.7 4794.6 1.0275 1.0208 0.9517 0.0004 0.0004 0.0004 8.8 0.9 0.8 1.007 1.073 1.080 1.089 0.830 0.824 0.092 1.066 358 89 190 13 3 76 1.0233 1.0207 0.9560 -0.0009 0.0028 0.0173 07/15/96
83.13 C44 -4.46 483.20 0.0011 1043.9 297.4 1090.3 1.0363 1.0085 0.9553 0.0007 0.0007 0.0007 3.4 1.8 1.2 1.028 1.056 1.085 1.086 0.332 0.314 0.414 1.027 72 215 340 12 75 9 0.9649 1.0266 1.0084 0.0243 0.0081 -0.0059 07/15/96
83.13 C44 -4.46 483.60 0.0010 1418.6 427.9 1445.6 1.0366 1.0080 0.9554 0.0006 0.0006 0.0006 2.9 1.6 1.0 1.028 1.055 1.085 1.086 0.314 0.295 0.428 1.026 72 216 340 13 75 9 0.9653 1.0266 1.0081 0.0246 0.0085 -0.0056 07/15/96
84.12 C46 -4.46 438.20 0.0009 3994.6 83.3 6661.6 1.0412 1.0299 0.9289 0.0006 0.0006 0.0006 6.4 0.7 0.7 1.011 1.109 1.121 1.134 0.809 0.799 0.106 1.097 65 335 161 2 15 75 1.0258 1.0385 0.9357 0.0064 -0.0079 -0.0241 07/15/96
84.77 C48 -4.46 566.30 0.0011 5549.1 3.7 10207.1 1.0551 1.0520 0.8929 0.0007 0.0007 0.0007 28.3 0.6 0.6 1.003 1.178 1.182 1.211 0.966 0.963 0.019 1.175 162 72 338 8 1 82 1.0521 1.0519 0.8960 0.0002 0.0083 -0.0205 07/15/96
85.13 C47 -4.46 488.60 0.0012 2166.8 55.7 3561.9 1.0437 1.0306 0.9256 0.0008 0.0008 0.0008 7.9 1.0 0.9 1.013 1.113 1.128 1.141 0.789 0.778 0.118 1.099 143 50 278 14 13 71 1.0383 1.0244 0.9373 -0.0045 0.0337 -0.0067 07/15/96
85.13 C49 -4.46 474.30 0.0009 7859.7 121.9 13339.7 1.0588 1.0447 0.8965 0.0006 0.0006 0.0006 5.3 0.5 0.5 1.014 1.165 1.181 1.203 0.838 0.825 0.091 1.150 290 199 29 2 12 78 1.0412 1.0556 0.9032 -0.0073 -0.0155 -0.0267 07/15/96
99.65 D3 -4.46 45.95 0.0006 425.0 1.5 761.9 1.0081 1.0072 0.9847 0.0004 0.0004 0.0004 40.4 2.1 2.1 1.001 1.023 1.024 1.027 0.917 0.916 0.043 1.022 84 175 344 2 13 77 1.0061 1.0081 0.9858 -0.0004 -0.0014 -0.0047 07/16/96
99.84 D5 -4.46 57.90 0.0004 1105.5 46.4 1741.4 1.0094 1.0059 0.9847 0.0002 0.0002 0.0002 8.6 1.4 1.2 1.003 1.022 1.025 1.027 0.722 0.719 0.151 1.018 274 183 66 7 4 82 1.0059 1.0090 0.9851 -0.0004 -0.0030 -0.0011 07/16/96
99.84 D5B -4.46 56.79 0.0005 685.9 11.4 1159.0 1.0091 1.0069 0.9840 0.0003 0.0003 0.0003 17.0 1.7 1.6 1.002 1.023 1.026 1.028 0.821 0.819 0.095 1.021 233 141 40 22 4 57 1.0056 1.0067 0.9877 -0.0007 -0.0059 -0.0066 07/16/96
99.92 D6 -4.46 58.49 0.0004 425.7 20.9 659.4 1.0072 1.0044 0.9885 0.0003 0.0003 0.0003 12.7 2.3 2.0 1.003 1.016 1.019 1.020 0.700 0.698 0.163 1.013 188 279 14 27 2 63 1.0035 1.0042 0.9923 -0.0005 -0.0017 -0.0074 07/16/96
100.03 D7 -4.46 62.33 0.0004 726.2 56.5 1061.2 1.0101 1.0053 0.9846 0.0003 0.0003 0.0003 7.8 1.8 1.5 1.005 1.021 1.026 1.028 0.629 0.625 0.207 1.016 224 133 16 10 5 79 1.0070 1.0074 0.9856 0.0021 -0.0017 -0.0044 07/16/96
100.32 D8 -4.46 80.97 0.0008 206.8 14.5 306.4 1.0093 1.0051 0.9856 0.0005 0.0005 0.0005 15.2 3.4 2.8 1.004 1.020 1.024 1.026 0.646 0.643 0.196 1.015 54 145 288 6 8 80 1.0065 1.0073 0.9862 0.0022 0.0035 -0.0007 07/16/96
100.53 D9 -4.46 77.18 0.0004 1006.0 313.6 1010.5 1.0132 1.0028 0.9841 0.0003 0.0003 0.0003 3.3 1.9 1.2 1.010 1.019 1.030 1.030 0.291 0.284 0.436 1.009 200 109 320 4 8 81 1.0117 1.0037 0.9846 0.0035 0.0016 -0.0029 07/16/96
100.73 D10 -4.46 69.91 0.0006 392.4 1.8 698.1 1.0077 1.0066 0.9857 0.0004 0.0004 0.0004 37.3 2.2 2.1 1.001 1.021 1.022 1.025 0.903 0.902 0.050 1.020 267 358 120 6 4 83 1.0066 1.0075 0.9860 0.0002 -0.0023 0.0012 07/16/96
100.99 D12 -4.46 63.97 0.0004 1064.4 98.7 1511.7 1.0120 1.0059 0.9821 0.0003 0.0003 0.0003 5.9 1.5 1.2 1.006 1.024 1.030 1.032 0.598 0.593 0.227 1.018 102 193 335 7 9 78 1.0053 1.0114 0.9832 -0.0008 -0.0027 -0.0045 07/16/96
101.20 D13 -4.46 70.48 0.0005 612.9 126.3 720.7 1.0122 1.0039 0.9840 0.0003 0.0003 0.0003 5.2 2.2 1.6 1.008 1.020 1.029 1.030 0.416 0.410 0.346 1.012 216 126 343 3 4 85 1.0092 1.0067 0.9841 0.0040 0.0003 -0.0020 07/16/96
101.33 D14 -4.46 63.67 0.0005 1195.7 99.7 1728.0 1.0139 1.0071 0.9790 0.0003 0.0003 0.0003 5.9 1.4 1.1 1.007 1.029 1.036 1.038 0.618 0.613 0.214 1.022 227 318 78 9 5 79 1.0101 1.0098 0.9801 0.0031 -0.0058 -0.0018 07/16/96
101.47 C50 -4.46 58.40 0.0006 1547.7 15.4 2683.4 1.0165 1.0132 0.9703 0.0004 0.0004 0.0004 14.7 1.1 1.1 1.003 1.044 1.048 1.053 0.862 0.859 0.073 1.041 164 254 64 2 13 77 1.0158 1.0118 0.9724 -0.0017 -0.0083 -0.0041 07/16/96
101.76 D17 -4.46 54.27 0.0003 5283.0 136.4 8682.0 1.0156 1.0109 0.9736 0.0002 0.0002 0.0002 5.0 0.6 0.6 1.005 1.038 1.043 1.047 0.781 0.777 0.118 1.034 138 47 298 11 4 78 1.0130 1.0117 0.9753 -0.0016 -0.0072 -0.0042 07/16/96
101.79 C51 -4.46 44.65 0.0005 1762.0 24.7 3006.2 1.0141 1.0108 0.9751 0.0003 0.0003 0.0003 11.7 1.1 1.0 1.003 1.037 1.040 1.044 0.837 0.834 0.087 1.033 160 70 322 6 2 84 1.0134 1.0111 0.9755 -0.0008 0.0024 -0.0033 07/17/96
102.02 C52 -4.46 70.85 0.0007 749.8 92.0 1009.1 1.0158 1.0069 0.9773 0.0004 0.0004 0.0004 6.1 1.9 1.4 1.009 1.030 1.039 1.041 0.543 0.536 0.262 1.021 100 10 210 1 2 88 1.0071 1.0156 0.9773 -0.0015 0.0006 -0.0008 07/17/96
102.09 D20 -4.46 51.86 0.0007 1147.9 57.2 1776.7 1.0179 1.0108 0.9712 0.0004 0.0004 0.0004 7.8 1.4 1.2 1.007 1.041 1.048 1.052 0.702 0.696 0.165 1.034 148 238 56 0 6 84 1.0158 1.0125 0.9717 -0.0034 -0.0035 -0.0024 07/17/96
102.17 D21 -4.46 1.38 0.0006 939.1 108.5 1279.8 1.0161 1.0072 0.9767 0.0004 0.0004 0.0004 5.7 1.7 1.3 1.009 1.031 1.040 1.042 0.556 0.549 0.254 1.022 112 21 281 13 2 77 1.0083 1.0130 0.9787 -0.0026 0.0084 -0.0020 07/17/96
102.29 C53 -4.46 64.66 0.0004 4212.9 69.3 7128.3 1.0168 1.0127 0.9705 0.0002 0.0002 0.0002 7.1 0.7 0.6 1.004 1.043 1.048 1.053 0.824 0.820 0.094 1.039 171 81 274 2 10 80 1.0167 1.0115 0.9718 -0.0005 0.0073 -0.0007 07/17/96
102.36 D23 -4.46 61.51 0.0008 884.2 9.4 1528.0 1.0180 1.0143 0.9677 0.0005 0.0005 0.0005 18.6 1.5 1.4 1.004 1.048 1.052 1.058 0.858 0.854 0.076 1.044 160 70 289 2 2 88 1.0175 1.0146 0.9678 -0.0011 0.0019 0.0008 07/17/96
102.39 C54 -4.46 53.90 0.0015 352.4 1.4 630.0 1.0196 1.0170 0.9634 0.0010 0.0010 0.0010 41.3 2.4 2.2 1.020 1.017 1.058 1.066 0.913 0.911 0.046 1.053 160 250 25 2 2 87 1.0192 1.0173 0.9635 -0.0008 -0.0011 -0.0024 07/17/96
102.44 E1 -4.46 50.91 0.0008 1066.5 19.2 1794.5 1.0186 1.0138 0.9676 0.0005 0.0005 0.0005 13.2 1.4 1.3 1.005 1.048 1.053 1.058 0.817 0.812 0.098 1.043 178 87 293 5 10 78 1.0183 1.0123 0.9695 0.0005 0.0083 -0.0040 07/17/96
102.51 E2 -4.46 58.10 0.0015 252.1 2.8 434.7 1.0166 1.0131 0.9703 0.0009 0.0009 0.0009 31.5 2.8 2.6 1.003 1.044 1.048 1.053 0.854 0.850 0.078 1.041 155 60 293 17 14 67 1.0147 1.0083 0.9769 0.0011 0.0144 -0.0068 07/17/96
102.56 C55 -4.46 55.00 0.0012 361.2 1.6 643.5 1.0162 1.0140 0.9698 0.0008 0.0008 0.0008 39.2 2.3 2.2 1.002 1.046 1.048 1.054 0.907 0.905 0.049 1.043 103 13 196 0 5 85 1.0138 1.0161 0.9702 -0.0006 0.0012 0.0040 07/17/96
102.76 C56B -4.46 31.26 0.0013 185.5 2.2 319.1 1.0132 1.0104 0.9765 0.0008 0.0008 0.0008 34.8 3.3 3.1 1.003 1.035 1.038 1.042 0.849 0.847 0.080 1.032 92 182 274 16 1 74 1.0103 1.0104 0.9793 0.0001 0.0097 -0.0007 07/17/96
102.88 E3 -4.46 46.62 0.0008 546.0 21.4 866.3 1.0144 1.0092 0.9763 0.0005 0.0005 0.0005 12.6 2.0 1.7 1.005 1.034 1.039 1.042 0.733 0.729 0.146 1.028 256 166 41 2 1 88 1.0095 1.0141 0.9764 0.0012 -0.0010 -0.0010 07/17/96
103.07 E4 -4.46 53.42 0.0011 336.8 4.3 577.2 1.0149 1.0116 0.9735 0.0007 0.0007 0.0007 26.4 2.5 2.3 1.003 1.039 1.042 1.047 0.844 0.841 0.083 1.036 304 214 70 4 6 83 1.0125 1.0133 0.9742 -0.0017 -0.0047 -0.0015 07/17/96
103.14 E5 -4.46 35.64 0.0012 279.8 0.7 505.7 1.0141 1.0127 0.9733 0.0008 0.0008 0.0008 51.9 2.6 2.5 1.001 1.040 1.042 1.048 0.932 0.931 0.035 1.039 193 102 315 3 4 85 1.0138 1.0126 0.9736 0.0005 0.0025 -0.0026 07/17/96
103.41 E6 -4.46 38.07 0.0009 578.7 2.5 1031.9 1.0151 1.0131 0.9719 0.0006 0.0006 0.0006 33.2 1.8 1.8 1.002 1.042 1.044 1.050 0.908 0.907 0.048 1.040 157 66 324 7 2 83 1.0143 1.0132 0.9725 -0.0004 0.0030 -0.0042 07/17/96
103.49 E7 -4.46 47.42 0.0009 638.4 4.3 1122.8 1.0151 1.0126 0.9723 0.0005 0.0005 0.0005 26.4 1.8 1.7 1.002 1.041 1.044 1.050 0.885 0.883 0.060 1.039 199 109 295 0 3 87 1.0148 1.0128 0.9724 0.0008 0.0019 -0.0009 07/17/96
103.58 E8 -4.46 46.87 0.0013 249.5 2.6 431.6 1.0144 1.0115 0.9741 0.0008 0.0008 0.0008 32.6 2.8 2.6 1.003 1.038 1.041 1.046 0.858 0.856 0.075 1.035 209 119 340 3 3 85 1.0135 1.0121 0.9744 0.0013 0.0009 -0.0030 07/17/96
115.50 E9 -4.59 65.74 0.0005 755.2 34.6 1180.0 1.0115 1.0071 0.9814 0.0003 0.0003 0.0003 10.0 1.7 1.5 1.004 1.026 1.031 1.033 0.711 0.708 0.158 1.022 353 99 248 16 43 42 1.0090 0.9951 0.9959 -0.0055 0.0117 0.0061 07/17/96
115.52 C57 -4.59 67.58 0.0009 360.2 15.1 567.9 1.0128 1.0081 0.9791 0.0005 0.0005 0.0005 14.9 2.5 2.1 1.005 1.030 1.034 1.037 0.724 0.720 0.151 1.025 111 352 234 37 33 36 1.0020 0.9981 0.9999 -0.0101 0.0133 0.0072 07/17/96
115.54 E10 -4.49 57.88 0.0014 54.0 24.7 43.8 1.0108 1.0011 0.9881 0.0009 0.0009 0.0009 11.7 8.9 5.1 1.010 1.013 1.023 1.023 0.148 0.142 0.546 1.003 242 358 141 18 53 31 0.9972 1.0042 0.9986 0.0083 -0.0061 0.0031 07/17/96
115.76 C58 -4.59 74.04 0.0007 359.7 184.0 268.5 1.0149 1.0010 0.9842 0.0005 0.0005 0.0005 4.3 3.6 2.0 1.014 1.017 1.031 1.031 0.102 0.094 0.586 1.003 262 171 0 2 15 74 1.0000 1.0145 0.9854 0.0020 -0.0006 -0.0044 07/17/96
115.94 E11 -4.59 85.01 0.0006 383.4 175.0 310.6 1.0133 1.0013 0.9854 0.0004 0.0004 0.0004 4.5 3.3 1.9 1.012 1.016 1.028 1.028 0.149 0.142 0.546 1.004 38 306 137 4 26 64 1.0070 1.0045 0.9886 0.0074 -0.0038 0.0053 07/17/96
115.96 C59 -4.59 77.44 0.0004 1187.0 45.2 1887.4 1.0118 1.0076 0.9805 0.0003 0.0003 0.0003 8.7 1.4 1.2 1.004 1.028 1.032 1.035 0.735 0.732 0.144 1.023 101 10 214 4 9 80 1.0073 1.0114 0.9813 -0.0011 0.0028 0.0037 07/17/96
116.02 E12 -4.59 74.45 0.0009 350.4 14.0 554.7 1.0127 1.0081 0.9792 0.0005 0.0005 0.0005 15.4 2.5 2.2 1.005 1.029 1.034 1.037 0.729 0.725 0.147 1.025 271 180 69 15 6 74 1.0078 1.0105 0.9817 -0.0008 -0.0083 -0.0027 07/17/96
116.08 C60 -4.59 68.77 0.0005 1342.4 5.3 2399.1 1.0119 1.0104 0.9777 0.0003 0.0003 0.0003 24.1 1.2 1.2 1.002 1.033 1.035 1.040 0.911 0.910 0.046 1.032 241 332 110 7 8 79 1.0106 1.0105 0.9789 0.0010 -0.0059 0.0020 07/17/96
116.35 E13 -4.59 64.59 0.0005 1204.9 29.8 1986.5 1.0134 1.0095 0.9771 0.0003 0.0003 0.0003 10.7 1.3 1.2 1.004 1.033 1.037 1.041 0.785 0.782 0.115 1.029 62 153 311 5 14 75 1.0094 1.0113 0.9792 0.0026 0.0063 -0.0050 07/17/96
116.43 E14 -4.59 70.19 0.0005 722.3 9.4 1236.4 1.0103 1.0080 0.9817 0.0003 0.0003 0.0003 18.6 1.7 1.5 1.002 1.027 1.029 1.033 0.842 0.839 0.084 1.025 199 109 341 8 6 80 1.0093 1.0082 0.9825 0.0010 0.0014 -0.0046 07/17/96
116.51 C61 -4.59 77.53 0.0006 1034.4 36.4 1657.0 1.0139 1.0091 0.9770 0.0004 0.0004 0.0004 9.7 1.5 1.3 1.005 1.033 1.038 1.041 0.746 0.742 0.138 1.028 183 92 342 7 3 82 1.0132 1.0009 0.9777 0.0004 0.0013 -0.0048 07/17/96
116.64 E15 -4.59 74.71 0.0005 1711.7 17.4 2964.8 1.0144 1.0115 0.9741 0.0003 0.0003 0.0003 13.9 1.1 1.0 1.003 1.038 1.041 1.046 0.860 0.858 0.074 1.035 242 151 27 7 5 81 1.0114 1.0135 0.9751 0.0008 -0.0030 -0.0053 07/17/96
116.71 E16 -4.59 73.66 0.0002 7375.3 23.1 13252.2 1.0129 1.0114 0.9757 0.0001 0.0001 0.0001 12.1 0.5 0.5 1.001 1.037 1.038 1.043 0.921 0.920 0.041 1.035 70 160 320 2 3 85 1.0114 1.0126 0.9759 0.0006 0.0019 -0.0022 07/17/96
116.79 E17 -4.59 74.03 0.0007 725.0 3.3 1290.6 1.0130 1.0112 0.9759 0.0004 0.0004 0.0004 29.7 1.6 1.6 1.002 1.036 1.038 1.043 0.906 0.904 0.049 1.034 134 44 287 7 4 82 1.0120 1.0114 0.9766 -0.0007 0.0048 -0.0016 07/17/96
116.81 C62 -4.59 80.05 0.0003 4459.9 3.8 8180.5 1.0140 1.0131 0.9729 0.0002 0.0002 0.0002 27.8 0.7 0.6 1.001 1.041 1.042 1.048 0.959 0.958 0.021 1.040 140 230 320 3 0 87 1.0135 1.0134 0.9730 -0.0004 0.0015 -0.0018 07/17/96
116.83 E18 -4.59 69.05 0.0003 5648.8 32.6 9986.7 1.0151 1.0128 0.9721 0.0002 0.0002 0.0002 10.2 0.6 0.6 1.002 1.042 1.044 1.050 0.894 0.892 0.056 1.039 139 229 360 5 4 84 1.0136 1.0138 0.9726 -0.0011 0.0001 -0.0045 07/18/96
117.00 E20 -4.59 48.58 0.0010 769.5 8.1 1330.9 1.0191 1.0152 0.9657 0.0006 0.0006 0.0006 19.9 1.6 1.5 1.004 1.051 1.055 1.062 0.855 0.855 0.075 1.047 157 67 252 1 8 82 1.0184 1.0149 0.9667 -0.0017 0.0067 0.0021 07/18/96
117.13 C63 -4.59 63.75 0.0004 1339.0 122.3 1904.9 1.0133 1.0066 0.9801 0.0003 0.0003 0.0003 5.3 1.4 1.1 1.007 1.027 1.034 1.036 0.601 0.596 0.225 1.020 178 87 278 3 16 74 1.0132 1.0046 0.9822 0.0000 0.0070 -0.0014 07/18/96
117.17 E21 -4.59 69.68 0.0009 851.9 0.5 1567.9 1.0172 1.0162 0.9666 0.0006 0.0006 0.0006 54.7 1.5 1.5 1.001 1.051 1.052 1.060 0.965 0.964 0.018 1.050 279 189 27 2 5 84 1.0159 1.0170 0.9671 -0.0003 -0.0022 -0.0043 07/18/96
117.24 E22 -4.59 63.88 0.0010 441.0 2.8 777.4 1.0149 1.0125 0.9726 0.0006 0.0006 0.0006 31.6 2.1 2.0 1.002 1.041 1.043 1.049 0.889 0.887 0.058 1.039 85 175 315 3 4 85 1.0124 1.0147 0.9729 0.0004 0.0026 -0.0025 07/18/96
117.34 E23 -4.59 73.88 0.0010 552.1 0.3 1018.9 1.0159 1.0152 0.9689 0.0006 0.0006 0.0006 64.0 1.9 1.8 1.001 1.048 1.049 1.056 0.970 0.969 0.016 1.047 49 319 209 4 2 85 1.0153 1.0155 0.9692 0.0002 0.0018 0.0033 07/18/96
117.58 E25 -4.59 65.01 0.0009 320.2 17.4 490.5 1.0128 1.0076 0.9796 0.0006 0.0006 0.0006 13.9 2.7 2.2 1.005 1.029 1.034 1.037 0.687 0.683 0.172 1.023 351 81 245 1 5 85 1.0127 1.0075 0.9798 -0.0009 0.0023 0.0012 07/18/96
117.58 E25 -4.59 75.53 0.0010 51.9 37.0 28.2 1.0079 0.9996 0.9925 0.0006 0.0006 0.0006 9.6 11.0 5.2 1.008 1.007 1.016 1.016 -0.064 -0.068 0.729 0.999 292 26 194 6 36 53 0.9984 1.0065 0.9951 -0.0034 0.0001 0.0046 07/18/96
117.66 E26 -4.59 66.56 0.0004 2309.6 236.5 3222.4 1.0148 1.0070 0.9782 0.0002 0.0002 0.0002 3.8 1.0 0.8 1.008 1.029 1.037 1.040 0.580 0.574 0.239 1.022 360 90 209 4 2 85 1.0146 1.0070 0.9784 -0.0001 0.0012 0.0028 07/18/96
117.70 C65 -4.59 67.83 0.0004 1730.8 21.6 2970.3 1.0124 1.0097 0.9780 0.0003 0.0003 0.0003 12.5 1.1 1.0 1.003 1.032 1.035 1.039 0.845 0.843 0.082 1.030 28 297 173 5 3 84 1.0115 1.0102 0.9783 0.0011 -0.0003 0.0033 07/18/96
117.76 E27 -4.59 67.91 0.0008 586.6 7.8 1003.3 1.0132 1.0102 0.9766 0.0005 0.0005 0.0005 20.2 1.9 1.7 1.003 1.034 1.038 1.042 0.840 0.838 0.085 1.031 313 223 47 0 8 82 1.0114 1.0115 0.9771 -0.0018 -0.0032 -0.0030 07/18/96
117.83 E28 -4.59 66.30 0.0006 882.4 23.3 1447.5 1.0129 1.0090 0.9780 0.0004 0.0004 0.0004 12.1 1.6 1.4 1.004 1.032 1.036 1.039 0.778 0.775 0.119 1.028 286 16 115 11 2 79 1.0091 1.0115 0.9794 -0.0005 -0.0062 0.0028 07/18/96
117.90 E29 -4.59 67.65 0.0008 785.1 49.8 1180.2 1.0186 1.0105 0.9709 0.0005 0.0005 0.0005 8.3 1.7 1.4 1.008 1.041 1.049 1.053 0.666 0.659 0.186 1.032 275 185 81 12 3 77 1.0105 1.0164 0.9731 -0.0010 -0.0100 -0.0011 07/18/96
117.97 E30 -4.59 63.79 0.0009 677.5 4.2 1195.8 1.0163 1.0137 0.9699 0.0006 0.0006 0.0006 26.9 1.7 1.6 1.003 1.045 1.048 1.054 0.891 0.889 0.057 1.043 257 167 74 10 1 80 1.0138 1.0148 0.9714 0.0002 -0.0079 -0.0023 07/18/96
118.02 E32 -4.59 59.25 0.0010 645.3 5.6 1125.2 1.0180 1.0147 0.9673 0.0006 0.0006 0.0006 23.6 1.8 1.6 1.003 1.049 1.052 1.059 0.871 0.868 0.068 1.046 114 204 14 1 5 85 1.0149 1.0174 0.9676 -0.0013 -0.0009 -0.0038 07/18/96
118.09 E31 -4.59 59.58 0.0005 2142.5 2.4 3917.2 1.0166 1.0154 0.9680 0.0003 0.0003 0.0003 33.6 0.9 0.9 1.001 1.049 1.050 1.058 0.953 0.952 0.025 1.048 335 245 74 1 4 86 1.0164 1.0154 0.9682 -0.0005 -0.0033 -0.0009 07/18/96
118.45 E34 -4.59 46.57 0.0011 477.2 6.8 813.6 1.0173 1.0133 0.9693 0.0007 0.0007 0.0007 21.6 2.1 1.9 1.004 1.045 1.050 1.055 0.836 0.833 0.087 1.041 227 318 79 10 6 79 1.0151 1.0137 0.9712 0.0016 -0.0089 -0.0021 07/18/96
118.54 E35 -4.59 50.62 0.0008 680.1 8.0 1170.1 1.0158 1.0125 0.9717 0.0005 0.0005 0.0005 20.0 1.7 1.6 1.003 1.042 1.045 1.051 0.850 0.847 0.080 1.039 234 143 44 15 2 75 1.0122 1.0132 0.9746 0.0001 -0.0078 -0.0078 07/18/96
118.80 E36 -4.59 59.22 0.0005 1685.2 61.1 2692.0 1.0162 1.0105 0.9733 0.0003 0.0003 0.0003 7.5 1.1 1.0 1.006 1.038 1.044 1.048 0.743 0.738 0.140 1.033 171 81 337 11 3 78 1.0145 1.0104 0.9750 -0.0003 0.0031 -0.0078 07/18/96
119.70 E37 -4.59 48.25 0.0010 273.4 17.1 411.9 1.0137 1.0078 0.9785 0.0006 0.0006 0.0006 14.0 2.9 2.4 1.006 1.030 1.036 1.039 0.667 0.667 0.185 1.024 120 210 320 6 2 84 1.0091 1.0120 0.9789 -0.0024 0.0025 -0.0026 07/18/96
